# The marker positions in the trackable's frame of reference:
#
marker_positions:
  - x: -0.0450000
    y: -0.0490000
    z: 0.0000001
  - x: -0.0450000
    y: 0.0570000
    z: 0.0000001
  - x: 0.0520000
    y: 0.0105000
    z: -0.0420000
  - x: 0.0420000
    y: -0.0290000
    z: -0.0220001
