image_width: 640
image_height: 480
camera_name: camera
camera_matrix:
  rows: 3
  cols: 3
  data: [569.671602, 0, 321.703702, 0, 558.080518, 264.002898, 0, 0, 1]
distortion_model: plumb_bob
distortion_coefficients:
  rows: 1
  cols: 5
  data: [-0.988389, 0.783241, 0.011852, -0.007137, 0]
rectification_matrix:
  rows: 3
  cols: 3
  data: [1, 0, 0, 0, 1, 0, 0, 0, 1]
projection_matrix:
  rows: 3
  cols: 4
  data: [412.570801, 0, 315.453814, 0, 0, 420.488647, 285.947346, 0, 0, 0, 1, 0]
